0.004235
0.005782
0.004813
0.004179
0.005091
0.004194
0.005245
0.013907
0.00427
0.004012
0.004357
0.004136
0.003162
0.005112
0.003153
0.004041
0.012726
0.004251
0.004174
0.005617
0.003968
0.004279
0.005618
0.004248
0.003118
0.004364
0.00402
0.003564
0.005247
0.006356
0.004159
0.003929
0.005485
0.004631
0.004703
0.004528
0.004229
0.006411
0.005194
0.003593
0.005064
0.004005
0.004859
0.005243
0.004375
0.005266
0.003888
0.004578
0.003731
0.004595
0.004209
0.004355
0.004815
0.0045
0.003657
0.004601
0.003415
0.004235
0.004987
0.004622
0.004366
0.003319
0.003842
0.003163
0.005143
0.004686
0.004299
0.004084
0.004823
0.00432
0.007756
0.00428
0.004336
0.004004
0.004111
0.003956
0.004259
0.004367
0.0046
0.003414
0.004295
0.004348
0.003698
0.004168
0.004029
0.004452
0.004293
0.003456
0.003755
0.003501
0.00414
0.005295
0.004591
0.004196
0.004578
0.004243
0.005672
0.004739
0.003915
0.004493
0.004833
0.004023
0.004095
0.004533
0.004708
0.004835
0.003148
0.005004
0.00579
0.004078
0.004637
0.002988
0.004244
0.003307
0.003075
0.002805
0.00372
0.003062
0.003199
0.003474
0.004362
0.00409
0.004067
0.004667
0.004843
0.005438
0.004297
0.003964
0.006309
0.003949
0.004117
0.004538
0.003841
0.004556
0.003742
0.004956
0.004525
0.005824
0.004696
0.004561
0.003269
0.003552
0.004364
0.005189
0.004508
0.002893
0.004096
0.00329
0.004768
0.006189
0.004314
0.00369
0.004507
0.004652
0.004217
0.00582
0.004004
0.004835
0.00341
0.004341
0.004425
0.004444
0.003862
0.003991
0.004291
0.005298
0.005168
0.00648
0.004014
0.005331
0.004491
0.005338
0.00549
0.005946
0.005128
0.00506
0.005569
0.00562
0.005053
0.006457
0.005033
0.004642
0.004887
0.004212
0.003438
0.004598
0.004081
0.005438
0.004336
0.00526
0.00482
0.00503
0.005148
0.004811
0.003914
0.004324
0.005095
0.005667
0.003635
0.004738
0.006049
0.006193
0.008759
0.006111
0.004396
0.005474
0.004272
0.003703
0.005907
0.005497
0.004376
0.004443
0.005817
0.005684
0.005516
0.005355
0.005306
0.004203
0.003668
0.00483
0.004296
0.004086
0.006385
0.002852
0.006379
0.004383
0.004919
0.004635
0.010613
0.008983
0.003899
0.00547
0.006931
0.007358
0.004495
0.009046
0.010185
0.003728
0.005158
0.007287
0.007715
0.003692
0.010533
0.003871
0.00954
0.006091
0.007254
0.003235
0.0065
0.006538
0.004195
0.007394
0.006298
0.003619
0.00463
0.012232
0.010312
0.00635
0.005629
0.007006
0.009017
0.006142
0.006612
0.006009
0.006662
0.004717
0.009788
0.006956
0.006694
0.006477
0.003866
0.003986
0.00403
0.005431
0.003359
0.010268
0.012007
0.003001
0.007813
0.003459
0.006246
0.006486
0.008377
0.005902
0.003965
0.004487
0.005887
0.006129
0.004511
0.00607
0.005317
0.006704
0.006968
0.007388
0.007166
0.007962
0.01007
0.008981
0.008181
0.004338
0.003214
0.004737
0.005258
0.007099
0.004461
0.004429
0.007407
0.004848
0.005765
0.00589
0.013532
0.003612
0.004568
0.007346
0.00717
0.007493
0.005288
0.00451
0.008285
0.005152
0.007965
0.007926
0.009137
0.005638
0.004426
0.007968
0.005526
0.009141
0.006832
0.003842
0.007662
0.00563
0.006352
0.006822
0.006831
0.007442
0.009108
0.010291
0.008426
0.004274
0.004263
0.002714
0.008393
0.011617
0.005862
0.007922
0.00351
0.008661
0.007583
0.007405
0.008472
0.0069
0.006661
0.004428
0.007105
0.009384
0.006392
0.008791
0.007545
0.005245
0.006258
0.003977
0.007031
0.005249
0.004369
0.007487
0.005956
0.006615
0.011142
0.006136
0.004001
0.007815
0.004173
0.00873
0.003753
0.006679
0.009318
0.005288
0.005109
0.004911
0.006098
0.006993
0.004868
0.008568
0.006603
0.007678
0.006493
0.003718
0.009492
0.009006
0.006237
0.008625
0.002645
0.007092
0.007946
0.005974
0.008064
0.007782
0.004988
0.007832
0.003141
0.004948
0.002603
0.007209
0.009188
0.006234
0.003961
0.006033
0.009287
0.006186
0.008371
0.00276
0.0099
0.00577
0.005413
0.007713
0.010412
0.007598
0.004963
0.003983
0.00591
0.005511
0.007839
0.007147
0.005135
0.011979
0.002969
0.006691
0.002865
0.006443
0.008226
0.004125
0.006647
0.006816
0.008489
0.004385
0.006027
0.010808
0.005622
0.005724
0.004333
0.004269
0.007
0.003018
0.007566
0.003183
0.008624
0.0043
0.009815
0.010895
0.005852
0.003803
0.008603
0.003737
0.003724
0.006539
0.00969
0.005337
0.013484
0.010445
0.010399
0.009177
0.007276
0.007268
0.008751
0.003929
0.005814
0.010423
0.009936
0.00778
0.005703
0.00879
0.007391
0.008758
0.008437
0.009707
0.009939
0.009521
0.005807
0.010782
0.004081
0.008184
0.006866
0.004516
0.004064
0.004039
0.00623
0.00595
0.007394
0.005604
0.007383
0.007453
0.007751
0.004384
0.008075
0.00344
0.007173
0.006403
0.006611
0.008185
0.009895
0.006805
0.008234
0.009232
0.004947
0.004523
0.008252
0.00492
0.003883
0.004445
0.006908
0.003867
0.002683
0.008428
0.003656
0.006152
0.007347
0.01014
0.006681
0.005284
0.007318
0.009047
0.007778
0.006644
0.006791
0.005646
0.007536
0.006232
0.008624
0.009101
0.00471
0.007482
0.007028
0.006715
0.00828
0.004071
0.003766
0.009658
0.00938
0.009271
0.009414
0.006441
0.005891
0.008267
0.004402
0.005853
0.006788
0.010416
0.010209
0.004626
0.005427
0.005158
0.004851
0.002497
0.008905
0.005061
0.005635
0.003516
0.007228
0.005179
0.005304
0.007525
0.004733
0.012176
0.007824
0.009036
0.006703
0.005951
0.005226
0.007383
0.009029
0.004768
0.003571
0.004711
0.009577
0.004889
0.009273
0.007123
0.006421
0.006847
0.005052
0.00396199999999
0.007829
0.00402699999999
0.00644
0.00581
0.00723199999999
0.005272
0.003395
0.003965
0.00773700000001
0.004175
0.00264499999999
0.002993
0.00554399999999
0.006705
0.008515
0.00742899999999
0.004136
0.008084
0.005905
0.005108
0.007671
0.007162
0.002829
0.006934
0.00376199999999
0.007254
0.007755
0.008448
0.007406
0.004272
0.007848
0.007462
0.008605
0.005482
0.00933800000001
0.010819
0.006895
0.005234
0.003366
0.00682800000001
0.004089
0.007649
0.007508
0.0092
0.005816
0.007002
0.004543
0.007889
0.003414
0.00364099999999
0.005852
0.00842799999999
0.006005
0.005455
0.008427
0.004641
0.006095
0.007955
0.00447999999999
0.00673399999999
0.004526
0.006013
0.008446
0.006619
0.007446
0.00656499999999
0.006515
0.004689
0.00636799999999
0.006855
0.003842
0.006995
0.00412600000001
0.009482
0.004517
0.011598
0.0077
0.008581
0.005167
0.007805
0.004037
0.008152
0.006444
0.003801
0.004085
0.00463
0.010576
0.003342
0.004912
0.005085
0.00333
0.008272
0.006437
0.006401
0.004507
0.010514
0.007017
0.00414600000001
0.011117
0.003727
0.002656
0.006691
0.010311
0.006562
0.004533
0.00582199999999
0.009112
0.00743300000001
0.008201
0.002858
0.00623
0.006503
0.004996
0.007291
0.0049
0.007344
0.006601
0.006529
0.010608
0.006145
0.004576
0.010113
0.009417
0.00545899999999
0.007174
0.006584
0.007646
0.007257
0.007728
0.007029
0.007259
0.004345
0.004971
0.007473
0.004555
0.004377
0.005841
0.007601
0.004444
0.004228
0.005544
0.005869
0.008608
0.005045
0.00711200000001
0.003932
0.00360999999999
0.00633
0.008647
0.00639
0.005039
0.006686
0.009214
0.008864
0.01455
0.008137
0.007652
0.008495
0.004917
0.00679
0.00273499999999
0.007866
0.007356
0.010229
0.003438
0.009804
0.005798
0.010375
0.004133
0.009288
0.003346
0.00869
0.003849
0.00492999999999
0.004585
0.005421
0.007121
0.008071
0.005854
0.005194
0.003848
0.003363
0.011236
0.006092
0.005484
0.012236
0.007594
0.009258
0.005839
0.005254
0.006688
0.006047
0.008592
0.00728
0.007336
0.00382
0.00593
0.006367
0.005651
0.011049
0.004158
0.007103
0.004416
0.006658
0.006379
0.004092
0.009926
0.005813
0.005825
0.00853799999999
0.006872
0.004037
0.00469
0.007535
0.00465
0.007516
0.007402
0.006692
0.003079
0.00873
0.003745
0.003069
0.010217
0.005654
0.00597399999999
0.006282
0.004155
0.007509
0.005607
0.00606
0.012425
0.005354
0.011379
0.010321
0.005055
0.004507
0.00405000000001
0.004288
0.00443
0.006151
0.006134
0.006776
0.005731
0.006973
0.003014
0.006401
0.010181
0.00479900000001
0.00536
0.00398300000001
0.005506
0.00827
0.007136
0.006001
0.007607
0.006699
0.005747
0.006196
0.008289
0.004985
0.00486100000001
0.005935
0.004484
0.00558400000001
0.011306
0.00761
0.007456
0.003827
0.004319
0.003912
0.008014
0.003604
0.003839
0.006257
0.004322
0.006435
0.008273
0.00505800000001
0.006433
0.006787
0.006938
0.004645
0.004815
0.007443
0.00928099999999
0.00573600000001
0.006673
0.00877
0.010899
0.007055
0.004247
0.003972
0.009045
0.005547
0.005426
0.01106
0.003767
0.003742
0.002618
0.007752
0.003614
0.004343
0.00382
0.003128
0.006256
0.005568
0.006518
0.004927
0.005226
0.00627900000001
0.007803
0.0065
0.004502
0.00435299999999
0.00676
0.005355
0.00736199999999
0.004123
0.003911
0.00565899999999
0.00689999999999
0.004448
0.004299
0.0043
0.00986
0.005554
0.008402
0.007468
0.004089
0.006731
0.010519
0.00605
0.008684
0.004961
0.007783
0.009794
0.006449
0.0063
0.005849
0.004422
0.00429399999999
0.005038
0.012149
0.00720200000001
0.00345
0.006543
0.004117
0.007795
0.007562
0.010168
0.010222
0.01074
0.00825200000001
0.00855300000001
0.00564799999999
0.005142
0.01057
0.007492
0.00312100000001
0.008765
0.00587299999999
0.00349299999999
0.004684
0.005895
0.012482
0.00677899999999
0.00541800000001
0.005978
0.005714
0.00693
0.006062
0.007802
0.010067
0.007256
0.006063
0.004154
0.00687500000001
0.00560999999999
0.008279
0.00371
0.005736
0.008464
0.006923
0.00438699999999
0.005743
0.008122
0.008036
0.007966
0.004761
0.00785500000001
0.007167
0.004092
0.007897
0.00576099999999
0.005959
0.00433799999999
0.010037
0.00776599999999
0.00586200000001
0.00436499999999
0.00375700000001
0.007582
0.004867
0.00696000000001
0.00716
0.00917099999999
0.005117
0.00455100000001
0.00700800000001
0.003647
0.00395999999999
0.007313
0.006227
0.00388100000001
0.004216
0.00497299999999
0.006897
0.007406
0.00282900000001
0.006057
0.006911
0.004983
0.003867
0.006765
0.005847
0.00514199999999
0.004254
0.005815
0.002736
0.00826600000001
0.00593000000001
0.006561
0.012705
0.007265
0.004425
0.004492
0.006682
0.00663400000001
0.007514
0.006873
0.00498499999999
0.007141
0.00600299999999
0.006535
0.00777000000001
0.00818000000001
0.00438200000001
0.00590199999999
0.006664
0.00317800000001
0.00781000000001
0.00387500000001
0.004311
0.00843400000001
0.00601999999999
0.004176
0.009277
0.00676900000001
0.009817
0.00486699999999
0.009727
0.00683199999999
0.00355
0.007361
0.00759600000001
0.008347
0.00590200000001
0.00620199999999
0.00442
0.01003
0.005832
0.006002
0.00472099999999
0.00579499999999
0.003944
0.003846
0.004436
0.007243
0.009372
0.00918999999999
0.00437000000001
0.00704
0.005776
0.006424
0.007763
0.00672299999999
0.004621
0.003091
0.004324
0.007358
0.00787800000001
0.00706700000001
0.007058
0.003231
0.003855
0.00488800000001
0.007017
0.00505099999999
0.00413599999999
0.00566999999999
0.00767
0.003283
0.005741
0.003708
0.00834499999999
0.00752199999999
0.007209
0.009293
0.008109
0.006676
0.00435399999999
0.00940900000001
0.004227
0.009862
0.00726200000001
0.010126
0.00659899999999
0.004262
0.00747699999999
0.006688
0.004009
0.010389
0.008832
0.00362699999999
0.00940900000001
0.004825
0.008949
0.005673
0.004306
0.00646
0.00706500000001
0.00863000000001
0.005348
0.012482
0.004406
0.009705
0.00527200000001
0.00373599999999
0.00668300000001
0.00501299999999
0.012274
0.006055
0.003995
0.00929000000001
0.01004
0.010912
0.00599299999999
0.00450799999999
0.003372
0.009963
0.007169
0.00926799999999
0.011177
0.00510300000001
0.005709
0.00864200000001
0.006711
0.007317
0.008088
0.004077
0.007654
0.008948
0.007008
0.00340899999999
0.00385299999999
0.00630899999999
0.007475
0.009871
0.00564300000001
0.005921
0.007796
0.003997
0.00534500000001
0.00807500000001
0.00733899999999
0.004447
0.005951
0.010197
0.010312
0.00668499999999
0.00818100000001
0.002984
0.007587
0.00672999999999
0.004418
0.008184
0.005375
0.005101
0.006101
0.00390900000001
0.010185
0.009371
0.006722
0.00660599999999
0.00751700000001
0.008008
0.008534
0.00757299999999
0.00701000000001
0.00382599999999
0.00399499999999
0.00428699999999
0.011321
0.007807
0.00398399999999
0.006597
0.006704
0.00550899999999
0.007417
0.009033
0.00881
0.010199
0.003559
0.008405
0.010611
0.005019
0.004688
0.008123
0.00288500000001
0.00423199999999
0.00782299999999
0.00646
0.00624999999999
0.00558100000001
0.005436
0.003789
0.004879
0.007419
0.010878
0.00728700000001
0.00610999999999
0.006258
0.00598099999999
0.004927
0.004166
0.00384199999999
0.009158
0.004642
0.00372300000001
0.00915400000001
0.00378499999999
0.003744
0.00638600000001
0.00398299999999
0.006535
0.00426499999999
0.00419500000001
0.00608099999999
0.006629
0.003738
0.00860899999999
0.007654
0.00433699999999
0.003987
0.004081
0.00837800000001
0.00569
0.010251
0.007752
0.004929
0.00420899999999
0.008504
0.010296
0.009141
0.00892
0.00710699999999
0.0059
0.002832
0.004052
0.004773
0.005731
0.00627799999999
0.00400499999999
0.007029
0.00764000000001
0.007437
0.00417399999999
0.00765299999999
0.009816
0.008152
0.007481
0.00428799999999
0.003877
0.00735400000001
0.00390400000001
0.00599
0.00661100000001
0.003748
0.003865
0.007223
0.005454
0.006518
0.004683
0.006107
0.00663
0.00622200000001
0.00414300000001
0.00473299999999
0.00677599999999
0.00714000000001
0.008382
0.006756
0.008903
0.007413
0.009426
0.003249
0.00686
0.007217
0.00697700000001
0.004248
0.008571
0.004531
0.00814700000001
0.0078
0.00669599999999
0.009361
0.007029
0.00533999999999
0.00429699999999
0.010441
0.00821000000001
0.00636799999999
0.007991
0.003771
0.00653700000001
0.00706799999999
0.005443
0.00687400000001
0.004626
0.006897
0.003924
0.006321
0.00648699999999
0.00389300000001
0.00892999999999
0.003758
0.008028
0.00536200000001
0.00636900000001
0.004806
0.004834
0.00687500000001
0.00507500000001
0.005616
0.00702100000001
0.006745
0.002664
0.006333
0.003798
0.006077
0.00435400000001
0.007994
0.00665599999999
0.004745
0.00578900000001
0.00731400000001
0.006603
0.00794
0.00765600000001
0.00542900000001
0.007153
0.004435
0.00533200000001
0.00519899999999
0.0046
0.00448899999999
0.00802
0.003973
0.00370700000001
0.010214
0.004037
0.00382999999999
0.00911900000001
0.00713500000001
0.007955
0.007653
0.007408
0.00608800000001
0.00757899999999
0.005982
0.008296
0.008071
0.00770199999999
0.004656
0.009247
0.00407800000001
0.010032
0.006781
0.006184
0.00684100000001
0.006395
0.009263
0.00847599999999
0.00715599999999
0.00740900000001
0.004152
0.008092
0.011915
0.010881
0.00470299999999
0.00704399999999
0.004215
0.00891899999999
0.00478100000001
0.00478200000001
0.004521
0.007226
0.00384600000001
0.010251
0.00878399999999
0.008107
0.007853
0.00648
0.00733200000001
0.00562099999999
0.004053
0.003629
0.006333
0.00654400000001
0.008236
0.007892
0.003827
0.00621099999999
0.008933
0.00679
0.004012
0.00600799999999
0.00548999999999
0.003975
0.003484
0.006145
0.006196
0.005622
0.009972
0.00568999999999
0.006789
0.008466
0.006862
0.010195
0.00689399999999
0.003747
0.00665499999999
0.007958
0.00548000000001
0.007474
0.007447
0.005105
0.00984099999999
0.00465199999999
0.006606
0.008031
0.009246
0.003978
0.006728
0.009164
0.00500799999999
0.00675099999999
0.007127
0.007785
0.009202
0.005033
0.004915
0.010359
0.00702000000001
0.00907799999999
0.00934099999999
0.008047
0.00856300000001
0.006449
0.00649
0.00908800000001
0.00663900000001
0.00744300000001
0.003792
0.00809199999999
0.00775899999999
0.007735
0.008095
0.00407
0.004064
0.00760000000001
0.00834999999999
0.00531700000001
0.007431
0.008717
0.00385
0.00769799999999
0.00723499999999
0.004158
0.00767400000001
0.01305
0.00500599999999
0.004327
0.007338
0.008307
0.00854
0.00787500000001
0.0039
0.003468
0.00768900000001
0.003832
0.00419600000001
0.003895
0.0044
0.010119
0.004775
0.006737
0.00766800000001
0.008045
0.011527
0.00891600000001
0.010238
0.00689199999999
0.00398
0.006646
0.00452199999999
0.005464
0.00397099999999
0.010622
0.005593
0.00582199999999
0.00577299999999
0.00835599999999
0.008062
0.007936
0.00459600000001
0.003776
0.007463
0.008685
0.004935
0.007516
0.006956
0.00442799999999
0.003987
0.00541600000001
0.003533
0.007875
0.007226
0.004181
0.005415
0.005425
0.008855
0.00742000000001
0.00494399999999
0.004976
0.010372
0.005149
0.004482
0.00788799999999
0.00671699999999
0.00775400000001
0.007812
0.00786099999999
0.006086
0.006077
0.00700599999999
0.00684000000001
0.00757399999999
0.010105
0.00436400000001
0.004299
0.00342599999999
0.00442
0.00438999999999
0.005494
0.010845
0.00447
0.00421800000001
0.005769
0.00407399999999
0.009505
0.009332
0.010982
0.00852
0.007825
0.006967
0.00728600000001
0.006896
0.00745099999999
0.006266
0.007262
0.006007
0.00717299999999
0.007936
0.00912099999999
0.006739
0.00427900000001
0.003333
0.008809
0.010244
0.003773
0.008861
0.006989
0.00961
0.003766
0.00757899999999
0.006714
0.00517000000001
0.004915
0.009541
0.007735
0.008601
0.00521900000001
0.00375099999999
0.007533
0.007965
0.003727
0.00928300000001
0.006815
0.005325
0.00631799999999
0.00572100000001
0.00653799999999
0.007216
0.007047
0.003984
0.003861
0.006317
0.003367
0.010405
0.00482600000001
0.00613
0.006388
0.00920400000001
0.006483
0.003755
0.004881
0.006057
0.008945
0.006202
0.00955500000001
0.004204
0.00631800000001
0.00707800000001
0.00595800000001
0.00670299999999
0.00958
0.00413
0.007199
0.003253
0.00546800000001
0.005392
0.007648
0.00452499999999
0.005754
0.00604299999999
0.00419599999999
0.005402
0.00965599999999
0.0107
0.006491
0.00719600000001
0.008409
0.00711799999999
0.003974
0.00535000000001
0.00770200000001
0.007103
0.00955
0.00786000000001
0.00509000000001
0.003896
0.00926800000001
0.00304399999999
0.006485
0.01058
0.005515
0.007608
0.006456
0.00920000000001
0.004458
0.006822
0.004677
0.00425700000001
0.00775299999999
0.006184
0.011895
0.00476999999999
0.00702000000001
0.009253
0.005754
0.005397
0.00604199999999
0.006947
0.00499099999999
0.008634
0.003736
0.009045
0.008557
0.00775
0.004959
0.005679
0.00547900000001
0.00962000000001
0.005662
0.010365
0.005251
